0
0.28624676
0.26298071
-0.27482397
-0.01700859
0.64992465
0.75869333
-0.11696551
2.96104009
0
1.9181858
0.62286911
-0.61487302
-0.68656421
0.34913596
-0.45748226
0.11428114
-0.85513079
0
2.7200109
1.52474961
1.60268925
0.17852456
1.41828133
0.5132761
1.42970301
-0.11861897
0
0.25888704
0.27302589
-0.21469476
-0.41050442
-0.51476449
-0.73528656
-0.21676222
3.32075066
0
1.68374743
0.97604788
1.58791596
-0.5647266
-0.41107304
0.81596694
1.41740132
3.79802153
0
-0.3907082
0.1265288
0.74790395
0.11090397
0.025346
0.52134845
0.35837735
-2.84370012
0
-1.60658144
0.62653559
-1.14087197
-1.71598416
0.49569613
-1.02170592
-0.56068423
-0.37583764
0
-0.50385825
3.22798456
-0.26677793
0.06232
0.28325464
0.16759534
-1.30539846
0.65025719
0
-0.88787163
-1.80704097
-0.9945412
1.6924783
0.42219435
-0.30656187
0.35035413
1.06072965
0
0.17349921
2.25561015
3.72766137
-0.17409738
-1.5809836
-0.31180331
-2.04756409
1.88918522
-1.20780334
0
1.03879176
-0.59011208
2.73997196
-1.00166546
1.33933705
-3.18636231
-1.38547375
1.83914438
-2.7649316
0
2.48310637
-1.24744953
0.53523503
3.66304589
4.21596527
-3.27213826
-1.09330988
1.08908641
1.05969672
0
3.17350473
-1.0689785
-0.16196122
4.42015455
4.46279591
-2.7262201
-1.17138325
0.65845771
1.13009898
0
0.30136255
-0.26480699
2.26666393
-0.68468713
0.88210611
-3.42897924
-0.95259691
1.45554603
-2.31315105
0
14.28262481
12.89610079
14.95580899
14.5837501
13.58120173
